{
 "cells": [
  {
   "cell_type": "code",
   "execution_count": 9,
   "metadata": {},
   "outputs": [
    {
     "name": "stdout",
     "output_type": "stream",
     "text": [
      "\n",
      "Graphs:\n",
      "[0, 352, 266, 205, 48, 239, 139, 495, 232, 17, 389, 11, 228, 426, 23, 409, 37, 39, 294, 338, 227]\n",
      "[352, 0, 363, 12, 205, 288, 384, 419, 457, 146, 286, 209, 73, 38, 350, 75, 360, 11, 83, 111, 168]\n",
      "[266, 363, 0, 499, 271, 133, 87, 410, 139, 486, 277, 405, 385, 222, 359, 446, 261, 301, 338, 277, 363]\n",
      "[205, 12, 499, 0, 476, 42, 391, 323, 50, 25, 314, 398, 307, 179, 185, 52, 46, 113, 353, 56, 376]\n",
      "[48, 205, 271, 476, 0, 331, 467, 285, 197, 371, 334, 38, 477, 114, 200, 119, 44, 42, 417, 89, 171]\n",
      "[239, 288, 133, 42, 331, 0, 415, 9, 77, 111, 263, 144, 195, 132, 372, 375, 58, 404, 151, 352, 377]\n",
      "[139, 384, 87, 391, 467, 415, 0, 91, 192, 111, 66, 454, 299, 131, 107, 305, 95, 92, 231, 422, 424]\n",
      "[495, 419, 410, 323, 285, 9, 91, 0, 379, 102, 34, 271, 417, 73, 187, 150, 451, 439, 152, 298, 265]\n",
      "[232, 457, 139, 50, 197, 77, 192, 379, 0, 231, 442, 109, 499, 445, 336, 197, 324, 252, 35, 480, 330]\n",
      "[17, 146, 486, 25, 371, 111, 111, 102, 231, 0, 384, 268, 16, 102, 398, 486, 91, 435, 334, 148, 132]\n",
      "[389, 286, 277, 314, 334, 263, 66, 34, 442, 384, 0, 326, 215, 123, 322, 445, 300, 304, 154, 488, 264]\n",
      "[11, 209, 405, 398, 38, 144, 454, 271, 109, 268, 326, 0, 399, 327, 481, 117, 236, 498, 450, 385, 454]\n",
      "[228, 73, 385, 307, 477, 195, 299, 417, 499, 16, 215, 399, 0, 187, 300, 280, 317, 262, 413, 299, 419]\n",
      "[426, 38, 222, 179, 114, 132, 131, 73, 445, 102, 123, 327, 187, 0, 69, 39, 483, 172, 399, 349, 333]\n",
      "[23, 350, 359, 185, 200, 372, 107, 187, 336, 398, 322, 481, 300, 69, 0, 108, 194, 432, 360, 24, 413]\n",
      "[409, 75, 446, 52, 119, 375, 305, 150, 197, 486, 445, 117, 280, 39, 108, 0, 57, 257, 132, 261, 139]\n",
      "[37, 360, 261, 46, 44, 58, 95, 451, 324, 91, 300, 236, 317, 483, 194, 57, 0, 52, 211, 312, 306]\n",
      "[39, 11, 301, 113, 42, 404, 92, 439, 252, 435, 304, 498, 262, 172, 432, 257, 52, 0, 396, 315, 203]\n",
      "[294, 83, 338, 353, 417, 151, 231, 152, 35, 334, 154, 450, 413, 399, 360, 132, 211, 396, 0, 292, 377]\n",
      "[338, 111, 277, 56, 89, 352, 422, 298, 480, 148, 488, 385, 299, 349, 24, 261, 312, 315, 292, 0, 217]\n",
      "[227, 168, 363, 376, 171, 377, 424, 265, 330, 132, 264, 454, 419, 333, 413, 139, 306, 203, 377, 217, 0]\n",
      "Nodes:\n",
      "{'node': 1, 'mask': 'Dental', 'quantity': 3}\n",
      "{'node': 2, 'mask': 'KF94', 'quantity': 1}\n",
      "{'node': 3, 'mask': 'KF80', 'quantity': 2}\n",
      "{'node': 4, 'mask': 'Fabric', 'quantity': 2}\n",
      "{'node': 5, 'mask': 'Dental', 'quantity': 4}\n",
      "{'node': 6, 'mask': 'KF94', 'quantity': 1}\n",
      "{'node': 7, 'mask': 'Denatal', 'quantity': 4}\n",
      "{'node': 8, 'mask': 'KF80', 'quantity': 4}\n",
      "{'node': 9, 'mask': 'Fabric', 'quantity': 4}\n",
      "{'node': 10, 'mask': 'KF80', 'quantity': 1}\n",
      "{'node': 11, 'mask': 'KF94', 'quantity': 2}\n",
      "{'node': 12, 'mask': 'Dental', 'quantity': 1}\n",
      "{'node': 13, 'mask': 'Fabric', 'quantity': 1}\n",
      "{'node': 14, 'mask': 'KF94', 'quantity': 4}\n",
      "{'node': 15, 'mask': 'KF80', 'quantity': 2}\n",
      "{'node': 16, 'mask': 'Dental', 'quantity': 3}\n",
      "{'node': 17, 'mask': 'Fabric', 'quantity': 2}\n",
      "{'node': 18, 'mask': 'KF94', 'quantity': 5}\n",
      "{'node': 19, 'mask': 'KF80', 'quantity': 2}\n",
      "{'node': 20, 'mask': 'KF94', 'quantity': 1}\n",
      "\n",
      "Input Mask Type (KF94/KF80/Dental/Fabric) :KF94\n",
      "Input quantity (1 ~ 5) :1\n",
      "\n",
      "Condition satisfying pharmacy :  [2, 6, 11, 14, 18, 20]\n",
      "Each pharmacy distance :  {2: 215, 6: 128, 11: 11, 14: 23, 18: 127, 20: 149}\n",
      "\n",
      "shortest distance pharmacy :  11\n",
      "\n",
      "<Vertex>\t\t<Distance from Source> \t\t\t\t <Path>\n",
      "\n",
      "0 --> 1 \t\t50 \t\t\t\t\t\t0 17 1 \n",
      "0 --> 2 \t\t215 \t\t\t\t\t\t0 9 6 2 \n",
      "0 --> 3 \t\t42 \t\t\t\t\t\t0 9 3 \n",
      "0 --> 4 \t\t48 \t\t\t\t\t\t0 4 \n",
      "0 --> 5 \t\t84 \t\t\t\t\t\t0 9 3 5 \n",
      "0 --> 6 \t\t128 \t\t\t\t\t\t0 9 6 \n",
      "0 --> 7 \t\t93 \t\t\t\t\t\t0 9 3 5 7 \n",
      "0 --> 8 \t\t92 \t\t\t\t\t\t0 9 3 8 \n",
      "0 --> 9 \t\t17 \t\t\t\t\t\t0 9 \n",
      "0 --> 10 \t\t127 \t\t\t\t\t\t0 9 3 5 7 10 \n",
      "0 --> 11 \t\t11 \t\t\t\t\t\t0 11 \n",
      " ---------------------------------------------------------------------------------------------------- |\n",
      "0 --> 12 \t\t33 \t\t\t\t\t\t0 9 12 \n",
      "0 --> 13 \t\t88 \t\t\t\t\t\t0 17 1 13 \n",
      "0 --> 14 \t\t23 \t\t\t\t\t\t0 14 \n",
      "0 --> 15 \t\t94 \t\t\t\t\t\t0 16 15 \n",
      "0 --> 16 \t\t37 \t\t\t\t\t\t0 16 \n",
      "0 --> 17 \t\t39 \t\t\t\t\t\t0 17 \n",
      "0 --> 18 \t\t127 \t\t\t\t\t\t0 9 3 8 18 \n",
      "0 --> 19 \t\t47 \t\t\t\t\t\t0 14 19 \n",
      "0 --> 20 \t\t149 \t\t\t\t\t\t0 9 20 "
     ]
    }
   ],
   "source": [
    "import random\n",
    "\n",
    "import numpy as np\n",
    "\n",
    "class Graph:\n",
    "    \n",
    "    def minDistance(self, dist, queue):\n",
    "        \n",
    "        minimum = float(\"Inf\")\n",
    "        min_index = -1\n",
    "\n",
    "        for i in range(len(dist)):\n",
    "            \n",
    "            if dist[i] < minimum and i in queue:\n",
    "                minimum = dist[i]\n",
    "                min_index = i\n",
    "                \n",
    "        return min_index\n",
    "\n",
    "    def printPath(self, parent, j):\n",
    "        \n",
    "        if parent[j] == -1:\n",
    "            print(j, end=' ', flush=True)\n",
    "            return\n",
    "        self.printPath(parent, parent[j]) # parent에서 그 parent로 꼬리 물어가는 재귀함수 \n",
    "        print(j, end=' ', flush=True) \n",
    "        # 만약 j=2이라면 2를 프린트하고 2의 부모 노드 번호인 parent[2]를 인쇄하고 그 부모 번호를 또 인쇄하고 종료 조건까지 계속.....\n",
    "        \n",
    "\n",
    "    def printSolution(self, dist, parent, minVal, pos):\n",
    "        \n",
    "        src = 0\n",
    "        print(\"\\n최소 거리 노드까지의 경로 : \", end=\"\")\n",
    "        self.printPath(parent, pos)\n",
    "        print(\"\")\n",
    "        \n",
    "        print(\"\\n전체 경로 살펴보기\\n<Vertex>\\t\\t<Distance from Source>\",\"\\t\"*4,\"<Path>\")\n",
    "        \n",
    "        for i in range(1, len(dist)):\n",
    "            #print(\"\\(src} --> {i} \\t\\t{dist} \\t\\t\\t\\t\\t\".format(src, i, dist[i]), end='\\t', flush=True)\n",
    "            #print('%d %d')\n",
    "            print(\"\\n%d --> %d \\t\\t%d \\t\\t\\t\\t\\t\" % (src, i, dist[i]), end='\\t', flush=True)\n",
    "            # 개행을 하지 않고 tab을 한다\n",
    "            self.printPath(parent, i) # parent 리스트와 i를 받아 printpath 실행\n",
    "            if (minVal == dist[i]) and (i == pos):\n",
    "                print(\"\\n\",\"-\"*100,\"|\", end='', flush=True)\n",
    "            # distance 리스트 안에 i번째 값이 minVal 값과 같고 i가 pos = minindex(최소거리 노드 인덱스가와 같을 때 \n",
    "\n",
    "    def dijkstra(self, graph, src, seminode):\n",
    "        \n",
    "        row = len(graph)\n",
    "        col = len(graph[0])\n",
    "\n",
    "        dist = [float(\"Inf\")] * row\n",
    "        # i까지의 distance를 저장할 리스트는 row의 개수만큼 저장하되 그 원소를 무한대 크기로 한다.\n",
    "\n",
    "        parent = [-1] * row\n",
    "        #-1로 초기화시켜 row 개수만큼 parent node list 생성 \n",
    "\n",
    "        dist[src] = 0\n",
    "\n",
    "        queue = []\n",
    "        \n",
    "        for i in range(row):\n",
    "            \n",
    "            queue.append(i)\n",
    "        # 노드 숫자를 차례대로 큐에 추가 \n",
    "\n",
    "        while queue:\n",
    "            \n",
    "            u = self.minDistance(dist, queue)\n",
    "            # min index 송출\n",
    "            \n",
    "            queue.remove(u)\n",
    "            #큐에서 min index를 가진 리스트 넘버 제거\n",
    "            \n",
    "            for i in range(col):\n",
    "                \n",
    "                if graph[u][i] and i in queue:\n",
    "                    if dist[u] + graph[u][i] < dist[i]:\n",
    "                        dist[i] = dist[u] + graph[u][i]\n",
    "                        parent[i] = u\n",
    "                        \n",
    "        # graph[u][i]는 u와 i 사이의 노드 엣지라고 보면 된다. dist[u]는 u까지 오는데 쌓인 가중치이다. dist[i]는 i까지 갔을 때 쌓인 가중치. 당연히 i 노드의 부모는 u이다.\n",
    "\n",
    "        target = [dist[i] for i in seminode]\n",
    "        # seminode i 값에 해당하는 dist[i] 값들로 이루어져 있는 target 리스트 생성 (리스트 컴프리헨션)\n",
    "        \n",
    "        set = {}\n",
    "        \n",
    "        for i in range(len(seminode)):\n",
    "            set.setdefault(seminode[i],target[i])\n",
    "            \n",
    "        print(\"Each pharmacy distance : \", set)\n",
    "        # 세미노드와 타겟 리스트의 값들을 순서대로 받아로 키와 값으로 set 딕셔너리로 생성 \n",
    "        \n",
    "        minVal = min(target)\n",
    "        # seminode 안 최솟값 구함\n",
    "        minIdx = np.argmin(target)\n",
    "        # 인덱스 송출 \n",
    "        \n",
    "        print('\\nshortest distance pharmacy : ', seminode[minIdx])\n",
    "        self.printSolution(dist, parent, minVal, seminode[minIdx])\n",
    "        # dist 리스트, parent 리스트, minVal 값, 최소거리 노드 인덱스 받아 printsolution 실행.\n",
    "\n",
    "        \n",
    "    def random_adjacency_matrix(self, n):\n",
    "        matrix = [[random.randint(0, 500) for i in range(n)] for j in range(n)]\n",
    "\n",
    "        for i in range(n):\n",
    "            matrix[i][i] = 0\n",
    "\n",
    "        for i in range(n):\n",
    "            for j in range(n):\n",
    "                matrix[j][i] = matrix[i][j]\n",
    "\n",
    "        return matrix\n",
    "\n",
    "g = Graph()\n",
    "\n",
    "graph = g.random_adjacency_matrix(21)\n",
    "#시작점을 제외한 20개의 노드 엣지 인접행렬 생성\n",
    "\n",
    "print(\"\\nGraphs:\")\n",
    "\n",
    "for row in graph :\n",
    "    print(row)\n",
    "\n",
    "node = [{'node':1, 'mask':'Dental', 'quantity':3},\n",
    "        {'node':2, 'mask':'KF94', 'quantity':1},\n",
    "        {'node':3, 'mask':'KF80', 'quantity':2},\n",
    "        {'node':4, 'mask':'Fabric', 'quantity':2},\n",
    "        {'node':5, 'mask':'Dental', 'quantity':4},\n",
    "        {'node':6, 'mask':'KF94', 'quantity':1},\n",
    "        {'node':7, 'mask':'Denatal', 'quantity':4},\n",
    "        {'node':8, 'mask':'KF80', 'quantity':4},\n",
    "        {'node':9, 'mask':'Fabric', 'quantity':4},\n",
    "        {'node':10, 'mask':'KF80', 'quantity':1},\n",
    "        {'node':11, 'mask':'KF94', 'quantity':2},\n",
    "        {'node':12, 'mask':'Dental', 'quantity':1},\n",
    "        {'node':13, 'mask':'Fabric', 'quantity':1},\n",
    "        {'node':14, 'mask':'KF94', 'quantity':4},\n",
    "        {'node':15, 'mask':'KF80', 'quantity':2},\n",
    "        {'node':16, 'mask':'Dental', 'quantity':3},\n",
    "        {'node':17, 'mask':'Fabric', 'quantity':2},\n",
    "        {'node':18, 'mask':'KF94', 'quantity':5},\n",
    "        {'node':19, 'mask':'KF80', 'quantity':2},\n",
    "        {'node':20, 'mask':'KF94', 'quantity':1}]\n",
    "\n",
    "print(\"\\nNodes:\")\n",
    "for i in node :\n",
    "    print(i)\n",
    "\n",
    "def pharmacy():\n",
    "    \n",
    "    mask = input(\"\\nInput Mask Type (KF94/KF80/Dental/Fabric) :\")\n",
    "    quant = int(input(\"Input quantity (1 ~ 5) :\"))\n",
    "    \n",
    "    seminode = []\n",
    "\n",
    "    for i in range(0, len(node)):\n",
    "        if node[i]['mask'] == mask and node[i]['quantity'] >= quant:\n",
    "            Y = node[i]['node']\n",
    "            seminode.append(Y)\n",
    "    \n",
    "    print('\\ncondition satisfying pharmacy : ', seminode)\n",
    "\n",
    "    try :\n",
    "        g.dijkstra(graph, 0, seminode)\n",
    "\n",
    "\n",
    "    except Exception as e:\n",
    "        print(e)\n",
    "\n",
    "pharmacy()\n",
    "\n"
   ]
  },
  {
   "cell_type": "markdown",
   "metadata": {},
   "source": [
    "개행(newline)을 원치 않을 때는 print 함수의 매개변수로 end='' 를 추가해주면 된다.\n",
    "\n",
    "만약 이때 길이가 길어진다면 버퍼가 넘칠 수 있기 때문에 flush=True 명령을 함께 사용하는 \n",
    "방법도 있다고 한다.\n",
    "\n",
    "https://t1.daumcdn.net/cfile/tistory/998B204B5AFD0DD701\n",
    "\n",
    "  (1) 최소값(min), 최대값(max): np.min(), np.max()\n",
    "\n",
    "x.min(), np.min(x), min(x) 모두 동일한 결과를 반환합니다. \n",
    "\n",
    "In [1]: import numpy as np\n",
    "\n",
    "In [2]: x = np.array([5, 4, 3, 2, 1, 0])\n",
    "\n",
    "In [3]: x.min()\n",
    "\n",
    "Out[3]: 0\n",
    "\n",
    "In [4]: np.min(x)\n",
    "\n",
    "Out[4]: 0\n",
    "\n",
    "In [5]: x.max()\n",
    "\n",
    "Out[5]: 5\n",
    "\n",
    "In [6]: np.max(x)\n",
    "\n",
    "Out[6]: 5\n",
    "\n",
    "  (2) 최소값, 최대값의 색인 위치: np.argmin(), np.argmax()\n",
    "\n",
    "In [7]: x.argmin()\n",
    "\n",
    "Out[7]: 5\n",
    "\n",
    "In [8]: np.argmin(x)\n",
    "\n",
    "Out[8]: 5\n",
    "\n",
    "In [9]: x.argmax()\n",
    "\n",
    "Out[9]: 0\n",
    "\n",
    "In [10]: np.argmax(x)\n",
    "\n",
    "Out[10]: 0\n",
    "\n",
    "  (3) 조건에 맞는 값의 색인 위치: np.where()\n",
    "\n",
    "\n",
    "\n",
    "배열에서 3과 같거나 큰 값을 가지는 색인의 위치를 알고 싶을 때, \n",
    "\n",
    "In [11]: np.where(x >= 3)\n",
    "\n",
    "Out[11]: (array([0, 1, 2], dtype=int64),)\n",
    "\n",
    "(4) 조건에 맞는 값을 indexing 하기: x[np.where()] \n",
    "\n",
    "\n",
    "\n",
    "배열에서 3과 같거나 큰 값을 indexing 하고 싶을 때, \n",
    "\n",
    "\n",
    "In [12]: x[np.where(x >= 3)]\n",
    "\n",
    "Out[12]: array([5, 4, 3])\n",
    "\n",
    "  (5) 조건에 맞는 값을 특정 다른 값으로 변환하기\n",
    "\n",
    "     : np.where(조건, 조건에 맞을 때 값, 조건과 다를 때 값)\n",
    "\n",
    "배열의 값이 3과 같거나 크면 3으로 변환하고, 3보다 작으면 그대로 값을 유지하고 싶을 때, \n",
    "\n",
    "(for loop & if else 조건문을 사용하는 것보다 수십배 빠르므로 매우 유용함)\n",
    "\n",
    "In [13]: np.where(x >= 3, 3, x)\n",
    "\n",
    "Out[13]: array([3, 3, 3, 2, 1, 0])\n",
    "\n",
    "참고로, 위의 np.where를 사용한 배열 값 변환을 for loop & if else 조건문을 사용해서 써보면 아래와 같습니다. for loop은 데이터 사이즈가 커질 경우 속도가 매우 느려지므로, 위의 대용량 데이터는 벡터화된 연산을 하는 np.where() 함수 사용을 권합니다. .\n",
    "\n",
    "In [14]: x_2 = []\n",
    "\n",
    "    ...: for i in list(x):\n",
    "\n",
    "    ...: if i >= 3:\n",
    "\n",
    "    ...: x_2.append(3)\n",
    "\n",
    "    ...: else:\n",
    "\n",
    "    ...: x_2.append(i)\n",
    "\n",
    "    ...:\n",
    "\n",
    "    ...:\n",
    "\n",
    "In [15]: x_2 = np.asarray(x_2)\n",
    "In [16]: type(x_2)\n",
    "Out[16]: numpy.ndarray\n",
    "In [17]: x_2\n",
    "Out[17]: array([3, 3, 3, 2, 1, 0])\n",
    "\n",
    "출처: https://rfriend.tistory.com/356 [R, Python 분석과 프로그래밍의 친구 (by R Friend)]\n",
    "\n",
    "\n",
    "for 반복문을 두 번 사용하니 코드가 좀 길어졌죠? 리스트 표현식을 활용하면 코드 한 줄로 2차원 리스트를 만들 수 있습니다.\n",
    "\n",
    ">>> a = [[0 for j in range(2)] for i in range(3)]\n",
    ">>> a\n",
    "[[0, 0], [0, 0], [0, 0]]\n",
    "리스트 표현식 안에서 리스트 표현식을 사용했습니다. 먼저 [0 for j in range(2)]로 0을 2번 반복하여 [0, 0]으로 만들고 다시 for i in range(3)으로 [0, 0]을 3번 반복하여 [[0, 0], [0, 0], [0, 0]]으로 만듭니다.\n",
    "\n",
    "만약 for 반복문을 한 번만 사용하고 싶다면 다음과 같이 식 부분에서 리스트 자체를 곱해주면 됩니다.\n",
    "\n",
    ">>> a = [[0] * 2 for i in range(3)]\n",
    ">>> a\n",
    "[[0, 0], [0, 0], [0, 0]]\n",
    "즉, 0이 1개 들어있는 리스트 [0]에 2를 곱하면 [0, 0]이 되는데, 이걸 for i in range(3)으로 3번 반복해주면 [[0, 0], [0, 0], [0, 0]]이 됩니다.\n",
    "\n",
    "\n",
    "https://dojang.io/mod/page/view.php?id=2293"
   ]
  }
 ],
 "metadata": {
  "kernelspec": {
   "display_name": "Python 3",
   "language": "python",
   "name": "python3"
  },
  "language_info": {
   "codemirror_mode": {
    "name": "ipython",
    "version": 3
   },
   "file_extension": ".py",
   "mimetype": "text/x-python",
   "name": "python",
   "nbconvert_exporter": "python",
   "pygments_lexer": "ipython3",
   "version": "3.7.6"
  }
 },
 "nbformat": 4,
 "nbformat_minor": 4
}
